# database filename n010s00p001g20k/n010s02p001g20k20000aDB20000.txt
# Q DB_sz DB_grps NNA VF2
10 10 20000 1108 115585
20 10 20000 1733 141924
30 10 20000 1975 185498
40 10 20000 2247 203244
50 10 20000 2647 265139
60 10 20000 2880 287218
70 10 20000 3467 282135
80 10 20000 3532 309996
90 10 20000 4232 432790
100 10 20000 4209 450479
110 10 20000 4723 359410
120 10 20000 4770 409098
130 10 20000 5120 583920
140 10 20000 6044 496857
150 10 20000 6212 491332
160 10 20000 6490 518549
170 10 20000 6827 536228
180 10 20000 6919 543215
190 10 20000 7626 588039
200 10 20000 8165 621883
210 10 20000 8543 672441
220 10 20000 8532 784864
230 10 20000 9231 725878
240 10 20000 9637 755487
250 10 20000 11311 765555
260 10 20000 11465 803947
270 10 20000 11977 854705
280 10 20000 12140 907859
290 10 20000 12521 870605
300 10 20000 14461 948579
310 10 20000 13564 1844279
320 10 20000 13530 1074060
330 10 20000 13997 1035640
340 10 20000 15178 1027903
350 10 20000 14798 1099294
360 10 20000 15088 2019444
370 10 20000 36168 1122375
380 10 20000 41568 1229511
390 10 20000 47311 1224264
400 10 20000 68709 1241669
410 10 20000 69584 1220643
420 10 20000 75648 1539058
430 10 20000 79791 1402377
440 10 20000 93276 1478314
450 10 20000 90972 1359179
460 10 20000 109953 1498074
470 10 20000 125674 1515597
480 10 20000 113670 1644272
490 10 20000 129903 1554077
500 10 20000 152538 1691936
510 10 20000 164897 1686482
520 10 20000 351330 1643944
530 10 20000 386960 2352246
540 10 20000 416428 1731930
550 10 20000 416414 1707209
560 10 20000 568961 1808345
570 10 20000 627558 1854651
580 10 20000 640126 1924002
590 10 20000 879291 1947406
600 10 20000 1118470 2007393
610 10 20000 1067706 2029212
620 10 20000 1259681 2045480
630 10 20000 2554424 2085745
640 10 20000 4928517 2162389
650 10 20000 8248594 2215853
660 10 20000 14277412 2255396
670 10 20000 14670748 2218016
680 10 20000 33870559 2186441
690 10 20000 32264679 2276758
700 10 20000 44490792 2296664
710 10 20000 48143923 2524696
720 10 20000 57593061 2375743
730 10 20000 118314778 2482321
740 10 20000 196526892 2507489
750 10 20000 232547353 2592800
760 10 20000 296819555 2651382
770 10 20000 356974610 2693289
780 10 20000 418130166 2753804
790 10 20000 559174099 2900321
800 10 20000 721908173 2985740

